classifying dataset: ../datas/gene/dataset/colon.mat
origin (6):
y_true: [0 0 0 1 1 1 1 1 0 0 0 0 0 0 1 0 0 1 1 0 0 0 0 0 1 0 1 0 1 0 0]
y_pred: [0 0 1 1 1 1 0 1 0 0 0 0 0 0 1 0 0 1 1 0 0 0 0 0 1 0 1 1 1 0 1]
confusion_matrix:
[[17  3]
 [ 1 10]]
accuray: 0.870967741935
mattews_corrceof: 0.736032857109
recall_score: 0.909090909091
pression_score: 0.769230769231
f1_score: 0.833333333333

imbalance (7):
y_true: [0 0 0 1 1 1 1 1 0 0 0 0 0 0 1 0 0 1 1 0 0 0 0 0 1 0 1 0 1 0 0]
y_pred: [0 0 1 1 1 1 1 1 0 0 0 0 0 0 1 0 0 1 1 0 0 0 0 0 1 0 1 1 1 0 0]
confusion_matrix:
[[18  2]
 [ 0 11]]
accuray: 0.935483870968
mattews_corrceof: 0.872661710824
recall_score: 1.0
pression_score: 0.846153846154
f1_score: 0.916666666667